 LN1_NKImplement

Configuring Dynare ...
[mex] Generalized QZ.
[mex] Sylvester equation solution.
[mex] Kronecker products.
[mex] Sparse kronecker products.
[mex] Local state space iteration (second order).
[mex] Bytecode evaluation.
[mex] k-order perturbation solver.
[mex] k-order solution simulation.
[mex] Quasi Monte-Carlo sequence (Sobol).
[mex] Markov Switching SBVAR.

Using 64-bit preprocessor
Starting Dynare (version 4.5.7).
Starting preprocessing of the model file ...
Found 10 equation(s).
Evaluating expressions...done
Computing static model derivatives
 - order 1
Computing dynamic model derivatives
 - order 1
 - order 2
Processing outputs ...
done
Preprocessing completed.


ans =

    'Simulation for New Keysian Rottemberg Model'


Author =

    'Brian Wang'


STEADY-STATE RESULTS

A     		 1
V     		 0
Y_til 		 1
C     		 0.983315
H     		 0.983314
w     		 0.888889
MC    		 0.888889
R     		 1.0101
p     		 1
Y     		 0.983314

EIGENVALUES
         Modulus             Real        Imaginary

             0.9              0.9                0
           1.266            1.213           0.3633
           1.266            1.213          -0.3633
             Inf              Inf                0


There are 3 eigenvalue(s) larger than 1 in modulus 
for 3 forward-looking variable(s)

The rank condition is verified.


MODEL SUMMARY

  Number of variables         10
  Number of stochastic shocks 2
  Number of state variables   1
  Number of jumpers           3
  Number of static variables  6


MATRIX OF COVARIANCE OF EXOGENOUS SHOCKS
Variables           e         v
e            1.000000  0.000000
v            0.000000  1.000000

POLICY AND TRANSITION FUNCTIONS
                                   A               V           Y_til               C               H               w              MC               R               p               Y
Constant                    1.000000               0        0.992038        0.975486        0.975486        0.839351        0.839351        0.974436        0.977125        0.975486
(correction)                       0               0       -0.007962       -0.007828       -0.007829       -0.049538       -0.049538       -0.035665       -0.022876       -0.007829
A(-1)                       0.900000               0       -0.036927        0.722250       -0.162737        0.570239       -0.229761       -0.363969       -0.237142        0.722246
e                           0.050000               0       -0.002051        0.040125       -0.009041        0.031680       -0.012764       -0.020220       -0.013175        0.040125
v                                  0        0.050000       -0.015748       -0.015485       -0.015485       -0.097988       -0.097988        0.031814       -0.011024       -0.015485
A(-1),A(-1)                -0.045000               0        0.609984       -1.726832        0.675815       -0.424935       -0.178151        1.543996        0.953101        0.485103
e,e                         0.001250               0        0.001826       -0.004215        0.001835       -0.000432       -0.000904        0.004204        0.002576        0.002612
v,e                                0               0        0.007944       -0.004277        0.007922        0.025079        0.029979        0.006852        0.004429        0.007148
v,v                                0               0        0.003215       -0.001619        0.003161        0.015990        0.015990        0.004077        0.002163        0.003161
A(-1),e                     0.045000               0        0.065724       -0.151745        0.066050       -0.015535       -0.032559        0.151335        0.092726        0.094025
A(-1),v                            0               0        0.142988       -0.076990        0.142593        0.451427        0.539616        0.123343        0.079719        0.128656


MOMENTS OF SIMULATED VARIABLES
VARIABLE              MEAN       STD. DEV.        VARIANCE        SKEWNESS        KURTOSIS
A                 1.025464        0.114063        0.013010        0.373260        0.112089
V                -0.002065        0.048662        0.002368        0.028633        0.231899
Y_til             1.005825        0.026334        0.000693        2.026334        6.539762
C                 0.966268        0.082405        0.006791       -0.912447        0.640878
H                 0.986643        0.029720        0.000883        1.875454        3.676394
w                 0.871169        0.121664        0.014802       -0.211578        1.063544
MC                0.852589        0.112671        0.012695        1.585590        4.052642
R                 0.993012        0.058517        0.003424        0.692757        0.977999
p                 0.989184        0.031648        0.001002        1.657584        2.543847
Y                 1.009141        0.100457        0.010092        0.850033        1.749646


CORRELATION OF SIMULATED VARIABLES
VARIABLE         A       V   Y_til       C       H       w      MC       R       p       Y
A           1.0000  0.0644  0.0928  0.8491 -0.4300  0.5290 -0.3027 -0.4301 -0.6016  0.9712
V           0.0644  1.0000 -0.3918 -0.1719 -0.3703 -0.6400 -0.7213  0.5821 -0.2776 -0.0443
Y_til       0.0928 -0.3918  1.0000 -0.1836  0.8581  0.6649  0.7204  0.2662  0.6723  0.3270
C           0.8491 -0.1719 -0.1836  1.0000 -0.6197  0.5507 -0.1881 -0.8148 -0.8128  0.7681
H          -0.4300 -0.3703  0.8581 -0.6197  1.0000  0.3092  0.7859  0.4876  0.9305 -0.2035
w           0.5290 -0.6400  0.6649  0.5507  0.3092  1.0000  0.6437 -0.5046  0.0004  0.6690
MC         -0.3027 -0.7213  0.7204 -0.1881  0.7859  0.6437  1.0000 -0.0968  0.5852 -0.1072
R          -0.4301  0.5821  0.2662 -0.8148  0.4876 -0.5046 -0.0968  1.0000  0.6188 -0.3564
p          -0.6016 -0.2776  0.6723 -0.8128  0.9305  0.0004  0.5852  0.6188  1.0000 -0.4127
Y           0.9712 -0.0443  0.3270  0.7681 -0.2035  0.6690 -0.1072 -0.3564 -0.4127  1.0000


AUTOCORRELATION OF SIMULATED VARIABLES
VARIABLE         1       2       3       4       5
A           0.8904  0.7834  0.6946  0.6154  0.5432
V           0.0120 -0.0592  0.0598  0.0311 -0.0221
Y_til       0.2525  0.1659  0.1711  0.1155  0.1353
C           0.8089  0.6814  0.6007  0.5079  0.4374
H           0.3858  0.2935  0.2778  0.2109  0.2147
w           0.2615  0.1829  0.2516  0.1630  0.1249
MC          0.0893  0.0301  0.1336  0.0567  0.0393
R           0.4652  0.3365  0.3093  0.2499  0.1917
p           0.6699  0.5321  0.4585  0.3763  0.3450
Y           0.8553  0.7477  0.6630  0.5877  0.5201



VARIANCE DECOMPOSITION SIMULATING ONE SHOCK AT A TIME (in percent)
                        e                 v  Tot. lin. contr.
A                  100.11              0.00            100.11
V                    0.00            100.11            100.11
Y_til               26.48             37.66             64.14
C                   95.31              3.39             98.70
H                   42.37             28.59             70.96
w                   31.37             66.07             97.44
MC                   7.90             77.04             84.94
R                   55.40             28.61             84.01
p                   77.85             12.69             90.53
Y                   96.06              2.50             98.56
Note numbers do not add up to 100 due to i) non-zero correlation of simulated shocks in small samples and ii) nonlinearity

Total computing time  0h00m03s
