>> NK_Rberg_FixTaylor_Implement

Configuring Dynare ...
[mex] Generalized QZ.
[mex] Sylvester equation solution.
[mex] Kronecker products.
[mex] Sparse kronecker products.
[mex] Local state space iteration (second order).
[mex] Bytecode evaluation.
[mex] k-order perturbation solver.
[mex] k-order solution simulation.
[mex] Quasi Monte-Carlo sequence (Sobol).
[mex] Markov Switching SBVAR.

Using 64-bit preprocessor
Starting Dynare (version 4.5.7).
Starting preprocessing of the model file ...
Found 9 equation(s).
Evaluating expressions...done
Computing static model derivatives:
 - order 1
Computing dynamic model derivatives:
 - order 1
 - order 2
Processing outputs ...
done
Preprocessing completed.


ans =

    'Simulation for New Keynesian Rottemberg Model: with Fixed Long-run Output as Benchmark in Taylor Rule'


Author =

    'Brian Wang'


STEADY-STATE RESULTS:

A  		 1
V  		 0
Y  		 0.978818
C  		 0.978814
H  		 0.978818
w  		 0.888912
MC 		 0.888912
R  		 1.01041
p  		 1.0003

EIGENVALUES:
         Modulus             Real        Imaginary

             0.9              0.9                0
           1.707            1.678           0.3128
           1.707            1.678          -0.3128
             Inf             -Inf                0


There are 3 eigenvalue(s) larger than 1 in modulus 
for 3 forward-looking variable(s)

The rank condition is verified.


MODEL SUMMARY

  Number of variables:         9
  Number of stochastic shocks: 2
  Number of state variables:   1
  Number of jumpers:           3
  Number of static variables:  5


MATRIX OF COVARIANCE OF EXOGENOUS SHOCKS
Variables           e         v
e            1.000000  0.000000
v            0.000000  1.000000

POLICY AND TRANSITION FUNCTIONS
                                   A               V               Y               C               H               w              MC               R               p
Constant                    1.000000               0        0.968393        0.968623        0.968393        0.836951        0.836951        0.994104        0.990430
(correction)                       0               0       -0.010424       -0.010191       -0.010424       -0.051961       -0.051961       -0.016302       -0.009872
A(-1)                       0.900000               0        0.908937        0.915351        0.028001        0.542786       -0.257235       -0.294037       -0.271472
e                           0.050000               0        0.050497        0.050853        0.001556        0.030155       -0.014291       -0.016335       -0.015082
v                                  0        0.050000       -0.033907       -0.033456       -0.033907       -0.169153       -0.169153        0.017268       -0.019059
A(-1),A(-1)                -0.045000               0       -0.129071       -3.023008       -0.110226       -1.903630       -1.632117        0.842580        0.611635
e,e                         0.001250               0        0.001004       -0.007918       -0.000297       -0.005038       -0.005434        0.002147        0.001469
v,e                                0               0        0.005693       -0.016919        0.007388        0.021161        0.029618        0.007556        0.004825
v,v                                0               0        0.003507       -0.010821        0.003507        0.024177        0.024177        0.006028        0.003814
A(-1),e                     0.045000               0        0.036155       -0.285037       -0.010692       -0.181360       -0.195637        0.077285        0.052878
A(-1),v                            0               0        0.102470       -0.304538        0.132986        0.380893        0.533131        0.136010        0.086848


MOMENTS OF SIMULATED VARIABLES
VARIABLE              MEAN       STD. DEV.        VARIANCE        SKEWNESS        KURTOSIS
A                 1.025464        0.114063        0.013010        0.373260        0.112089
V                -0.002065        0.048662        0.002368        0.028633        0.231899
Y                 0.998142        0.117503        0.013807        0.154086        0.059234
C                 0.933844        0.119749        0.014340       -0.784144        0.726046
H                 0.973004        0.033940        0.001152        0.725371        2.559120
w                 0.853505        0.175292        0.030727        0.427761        1.420886
MC                0.835775        0.181557        0.032963        1.161460        2.447426
R                 1.005543        0.043471        0.001890        0.414719        0.377080
p                 0.997734        0.037148        0.001380        1.329879        1.513010


CORRELATION OF SIMULATED VARIABLES
VARIABLE         A       V       Y       C       H       w      MC       R       p
A           1.0000  0.0644  0.9595  0.6386  0.0281  0.2208 -0.3256 -0.5842 -0.7506
V           0.0644  1.0000 -0.1927 -0.3241 -0.8518 -0.8690 -0.8464  0.4529 -0.4652
Y           0.9595 -0.1927  1.0000  0.6659  0.3070  0.4798 -0.0496 -0.6331 -0.5745
C           0.6386 -0.3241  0.6659  1.0000  0.1583  0.4619  0.0356 -0.9777 -0.6673
H           0.0281 -0.8518  0.3070  0.1583  1.0000  0.9419  0.9200 -0.2113  0.5038
w           0.2208 -0.8690  0.4798  0.4619  0.9419  1.0000  0.8438 -0.4986  0.2441
MC         -0.3256 -0.8464 -0.0496  0.0356  0.9200  0.8438  1.0000 -0.0934  0.6750
R          -0.5842  0.4529 -0.6331 -0.9777 -0.2113 -0.4986 -0.0934  1.0000  0.5632
p          -0.7506 -0.4652 -0.5745 -0.6673  0.5038  0.2441  0.6750  0.5632  1.0000


AUTOCORRELATION OF SIMULATED VARIABLES
VARIABLE         1       2       3       4       5
A           0.8904  0.7834  0.6946  0.6154  0.5432
V           0.0120 -0.0592  0.0598  0.0311 -0.0221
Y           0.8206  0.7132  0.6430  0.5576  0.4875
C           0.6273  0.5006  0.4363  0.3618  0.3125
H           0.0177 -0.0529  0.0816  0.0066 -0.0300
w           0.1082  0.0231  0.1306  0.0465  0.0043
MC          0.1427  0.0643  0.1647  0.0916  0.0512
R           0.4674  0.3658  0.3361  0.2806  0.2397
p           0.6037  0.5058  0.4760  0.4000  0.3640



VARIANCE DECOMPOSITION SIMULATING ONE SHOCK AT A TIME (in percent)
                     e                 v  Tot. lin. contr.
A               100.11              0.00            100.11
V                 0.00            100.11            100.11
Y                94.59              8.16            102.75
C                74.90              8.78             83.67
H                 0.93             97.85             98.79
w                12.51             93.50            106.01
MC               12.20             87.16             99.36
R                57.16             18.25             75.40
p                66.41             27.62             94.03
Note: numbers do not add up to 100 due to i) non-zero correlation of simulated shocks in small samples and ii) nonlinearity

Total computing time : 0h00m03s
