>> NK_Rberg_FixTaylor_Implement

Configuring Dynare ...
[mex] Generalized QZ.
[mex] Sylvester equation solution.
[mex] Kronecker products.
[mex] Sparse kronecker products.
[mex] Local state space iteration (second order).
[mex] Bytecode evaluation.
[mex] k-order perturbation solver.
[mex] k-order solution simulation.
[mex] Quasi Monte-Carlo sequence (Sobol).
[mex] Markov Switching SBVAR.

Using 64-bit preprocessor
Starting Dynare (version 4.5.7).
Starting preprocessing of the model file ...
Found 9 equation(s).
Evaluating expressions...done
Computing static model derivatives:
 - order 1
Computing dynamic model derivatives:
 - order 1
 - order 2
Processing outputs ...
done
Preprocessing completed.


ans =

    'Simulation for New Keynesian Rottemberg Model: with Fixed Long-run Output as Benchmark in Taylor Rule'


Author =

    'Brian Wang'


STEADY-STATE RESULTS:

A  		 1
V  		 0
Y  		 0.983307
C  		 0.983279
H  		 0.983307
w  		 0.888789
MC 		 0.888789
R  		 1.00925
p  		 0.999158

EIGENVALUES:
         Modulus             Real        Imaginary

             0.9              0.9                0
           1.283            1.234           0.3504
           1.283            1.234          -0.3504
             Inf              Inf                0


There are 3 eigenvalue(s) larger than 1 in modulus 
for 3 forward-looking variable(s)

The rank condition is verified.


MODEL SUMMARY

  Number of variables:         9
  Number of stochastic shocks: 2
  Number of state variables:   1
  Number of jumpers:           3
  Number of static variables:  5


MATRIX OF COVARIANCE OF EXOGENOUS SHOCKS
Variables           e         v
e            1.000000  0.000000
v            0.000000  1.000000

POLICY AND TRANSITION FUNCTIONS
                                   A               V               Y               C               H               w              MC               R               p
Constant                    1.000000               0        0.969756        0.966886        0.969756        0.797913        0.797913        0.942464        0.956227
(correction)                       0               0       -0.013551       -0.016393       -0.013551       -0.090876       -0.090876       -0.066786       -0.042932
A(-1)                       0.900000               0        0.704257        0.679133       -0.180719        0.411002       -0.388908       -0.484068       -0.379119
e                           0.050000               0        0.039125        0.037730       -0.010040        0.022833       -0.021606       -0.026893       -0.021062
v                                  0        0.050000       -0.014997       -0.015709       -0.014997       -0.096178       -0.096178        0.032248       -0.010752
A(-1),A(-1)                -0.045000               0        1.326486       -4.193371        1.533382       -1.054869       -0.664856        3.609816        2.286820
e,e                         0.001250               0        0.005181       -0.011894        0.004454       -0.002622       -0.002652        0.010394        0.006473
v,e                                0               0        0.011195       -0.006178        0.011945        0.040742        0.045551        0.010585        0.006781
v,v                                0               0        0.002907       -0.001495        0.002907        0.014895        0.014895        0.003842        0.002017
A(-1),e                     0.045000               0        0.186513       -0.428201        0.160336       -0.094374       -0.095479        0.374198        0.233029
A(-1),v                            0               0        0.201507       -0.111196        0.215005        0.733350        0.819910        0.190527        0.122063


MOMENTS OF SIMULATED VARIABLES
VARIABLE              MEAN       STD. DEV.        VARIANCE        SKEWNESS        KURTOSIS
A                 1.025464        0.114063        0.013010        0.373260        0.112089
V                -0.002065        0.048662        0.002368        0.028633        0.231899
Y                 1.017173        0.113697        0.012927        1.651876        5.331924
C                 0.915120        0.102223        0.010450       -2.125865        6.912158
H                 0.994942        0.045922        0.002109        2.502715        9.288367
w                 0.815386        0.125016        0.015629        0.010132        2.739630
MC                0.799189        0.138022        0.019050        1.278769        3.454292
R                 0.992254        0.094879        0.009002        2.047448        8.306557
p                 0.986559        0.057747        0.003335        2.164773        6.418600


CORRELATION OF SIMULATED VARIABLES
VARIABLE         A       V       Y       C       H       w      MC       R       p
A           1.0000  0.0644  0.9297  0.3416 -0.0970  0.3051 -0.4246 -0.1632 -0.3636
V           0.0644  1.0000 -0.0043 -0.1924 -0.1531 -0.5551 -0.5262  0.4095 -0.1085
Y           0.9297 -0.0043  1.0000  0.0414  0.2763  0.4591 -0.2023  0.1235 -0.0183
C           0.3416 -0.1924  0.0414  1.0000 -0.7980  0.2146 -0.1184 -0.9541 -0.9460
H          -0.0970 -0.1531  0.2763 -0.7980  1.0000  0.4155  0.5356  0.7810  0.9077
w           0.3051 -0.5551  0.4591  0.2146  0.4155  1.0000  0.7280 -0.1820  0.0518
MC         -0.4246 -0.5262 -0.2023 -0.1184  0.5356  0.7280  1.0000  0.0328  0.3771
R          -0.1632  0.4095  0.1235 -0.9541  0.7810 -0.1820  0.0328  1.0000  0.8512
p          -0.3636 -0.1085 -0.0183 -0.9460  0.9077  0.0518  0.3771  0.8512  1.0000


AUTOCORRELATION OF SIMULATED VARIABLES
VARIABLE         1       2       3       4       5
A           0.8904  0.7834  0.6946  0.6154  0.5432
V           0.0120 -0.0592  0.0598  0.0311 -0.0221
Y           0.8385  0.7256  0.6349  0.5676  0.5061
C           0.7560  0.5577  0.4448  0.3516  0.2923
H           0.4843  0.3504  0.2755  0.2201  0.2248
w           0.0967  0.0435  0.1395  0.0608  0.0263
MC          0.1557  0.1056  0.1743  0.1010  0.0814
R           0.6205  0.4417  0.3523  0.2839  0.2319
p           0.7238  0.5404  0.4292  0.3430  0.3083



VARIANCE DECOMPOSITION SIMULATING ONE SHOCK AT A TIME (in percent)
                     e                 v  Tot. lin. contr.
A               100.11              0.00            100.11
V                 0.00            100.11            100.11
Y                93.02              1.82             94.83
C                92.05              2.26             94.31
H                53.82             11.13             64.95
w                13.41             59.92             73.33
MC               18.51             49.16             67.68
R                72.24             11.14             83.38
p                87.13              3.60             90.73
Note: numbers do not add up to 100 due to i) non-zero correlation of simulated shocks in small samples and ii) nonlinearity

Total computing time : 0h00m03s
