Starting Dynare (version 4.5.7).
Starting preprocessing of the model file ...
Found 22 equation(s).
Evaluating expressions...done
Computing static model derivatives:
 - order 1
Computing dynamic model derivatives:
 - order 1
 - order 2
Processing outputs ...
done
Preprocessing completed.

ans =

    'SIMULATION FOR NEW KEYSIAN CALVO-FAIRY MODEL: DEVIATION TAYLOR RULE'


ans =

    'Brian Wang'


STEADY-STATE RESULTS:

A       		 1
V       		 0
Y       		 0.980561
C       		 0.980561
H       		 0.980561
w       		 0.888889
MC      		 0.888889
R       		 1.0101
Pi      		 1
Pi_star 		 1
Y_fp    		 0.980562
C_fp    		 0.980562
H_fp    		 0.980562
w_fp    		 0.888889
MC_fp   		 0.888889
R_fp    		 1.0101
Y_til   		 0.999999
C_til   		 0.999999
H_til   		 0.999999
w_til   		 1
MC_til  		 1
R_til   		 1

EIGENVALUES:
         Modulus             Real        Imaginary

             0.9              0.9                0
           1.384            1.328           0.3924
           1.384            1.328          -0.3924
             Inf              Inf                0
             Inf              Inf                0


There are 4 eigenvalue(s) larger than 1 in modulus 
for 4 forward-looking variable(s)

The rank condition is verified.


MODEL SUMMARY

  Number of variables:         22
  Number of stochastic shocks: 2
  Number of state variables:   1
  Number of jumpers:           4
  Number of static variables:  17


MATRIX OF COVARIANCE OF EXOGENOUS SHOCKS
Variables           e         v
e            1.000000  0.000000
v            0.000000  1.000000

POLICY AND TRANSITION FUNCTIONS
                                   A               V           Y_til           C_til           H_til           w_til          MC_til           R_til              Pi         Pi_star
Constant                    1.000000               0        0.996538        0.996538        0.996538        0.979233        0.979233        0.998455        0.998425        0.995276
(correction)                       0               0       -0.003461       -0.003461       -0.003461       -0.020767       -0.020767       -0.001545       -0.001575       -0.004725
A(-1)                       0.900000               0       -0.029412       -0.029412       -0.029413       -0.176484       -0.176484       -0.122132       -0.138970       -0.416915
e                           0.050000               0       -0.001634       -0.001634       -0.001634       -0.009805       -0.009805       -0.006785       -0.007721       -0.023162
v                                  0        0.050000       -0.026350       -0.026350       -0.026351       -0.158104       -0.158104        0.026351       -0.013570       -0.040712
A(-1),A(-1)                -0.045000               0        0.033751        0.033751        0.294476        1.519114        1.519114        0.058105        0.070645        1.196902
e,e                         0.001250               0        0.000059        0.000059        0.000863        0.004416        0.004416       -0.000009        0.000004        0.003051
v,e                                0               0        0.001734        0.001734        0.004563        0.025838        0.025838       -0.001869       -0.001163        0.007197
v,v                                0               0        0.001833        0.001833        0.004319        0.033844        0.033844       -0.001139       -0.001022        0.006325
A(-1),e                     0.045000               0        0.002116        0.002116        0.031085        0.158986        0.158986       -0.000329        0.000129        0.109827
A(-1),v                            0               0        0.031207        0.031207        0.082126        0.465091        0.465091       -0.033650       -0.020938        0.129549


MOMENTS OF SIMULATED VARIABLES
VARIABLE              MEAN       STD. DEV.        VARIANCE        SKEWNESS        KURTOSIS
A                 0.997637        0.096330        0.009279        0.638071       -0.996288
V                -0.011046        0.051970        0.002701       -0.311847        0.067205
Y_til             1.004445        0.029495        0.000870        0.942067        1.826219
C_til             1.004445        0.029495        0.000870        0.942067        1.826219
H_til             1.009528        0.033917        0.001150        1.653559        4.658473
w_til             1.063683        0.211167        0.044592        1.880085        5.390350
MC_til            1.063683        0.211167        0.044592        1.880085        5.390350
R_til             0.992725        0.032577        0.001061       -0.209962       -0.090488
Pi                1.001648        0.017682        0.000313       -0.404629       -0.334716
Pi_star           1.024147        0.064333        0.004139        1.419223        3.080431


CORRELATION OF SIMULATED VARIABLES
VARIABLE          A        V    Y_til    C_til    H_til    w_til   MC_til    R_til       Pi  Pi_star
A            1.0000  -0.1311  -0.0209  -0.0209  -0.0297  -0.0330  -0.0330  -0.4610  -0.6667  -0.5727
V           -0.1311   1.0000  -0.9774  -0.9774  -0.9350  -0.9280  -0.9280   0.9308  -0.6326  -0.6910
Y_til       -0.0209  -0.9774   1.0000   1.0000   0.9838   0.9800   0.9800  -0.8767   0.7080   0.8113
C_til       -0.0209  -0.9774   1.0000   1.0000   0.9838   0.9800   0.9800  -0.8767   0.7080   0.8113
H_til       -0.0297  -0.9350   0.9838   0.9838   1.0000   0.9986   0.9986  -0.8556   0.6586   0.8308
w_til       -0.0330  -0.9280   0.9800   0.9800   0.9986   1.0000   1.0000  -0.8491   0.6537   0.8305
MC_til      -0.0330  -0.9280   0.9800   0.9800   0.9986   1.0000   1.0000  -0.8491   0.6537   0.8305
R_til       -0.4610   0.9308  -0.8767  -0.8767  -0.8556  -0.8491  -0.8491   1.0000  -0.3089  -0.4405
Pi          -0.6667  -0.6326   0.7080   0.7080   0.6586   0.6537   0.6537  -0.3089   1.0000   0.9101
Pi_star     -0.5727  -0.6910   0.8113   0.8113   0.8308   0.8305   0.8305  -0.4405   0.9101   1.0000


AUTOCORRELATION OF SIMULATED VARIABLES
VARIABLE         1       2       3       4       5
A           0.8783  0.7747  0.6707  0.6002  0.5043
V          -0.1158 -0.1913  0.0738  0.1524 -0.2328
Y_til      -0.1271 -0.1940  0.0564  0.1511 -0.2561
C_til      -0.1271 -0.1940  0.0564  0.1511 -0.2561
H_til      -0.1250 -0.1788  0.0476  0.1479 -0.2700
w_til      -0.1289 -0.1600  0.0427  0.1467 -0.2634
MC_til     -0.1289 -0.1600  0.0427  0.1467 -0.2634
R_til       0.0428 -0.0036  0.1923  0.2232 -0.1700
Pi          0.4204  0.2517  0.3247  0.3614  0.2258
Pi_star     0.2657  0.1694  0.2371  0.2927  0.0290



VARIANCE DECOMPOSITION SIMULATING ONE SHOCK AT A TIME (in percent)
                          e                 v  Tot. lin. contr.
A                    102.56              0.00            102.56
V                      0.00            102.56            102.56
Y_til                  1.03             99.02            100.06
C_til                  1.03             99.02            100.06
H_til                  0.73             88.55             89.28
w_til                  0.60             90.21             90.80
MC_til                 0.60             90.21             90.80
R_til                 15.72             77.66             93.38
Pi                    68.82             58.74            127.56
Pi_star               36.89             57.84             94.74
Note: numbers do not add up to 100 due to i) non-zero correlation of simulated shocks in small samples and ii) nonlinearity

Total computing time : 0h00m04s
